    Prev. 76	13.3803	50.236
    Prev. 76	13.3803	50.236
    Prev. 76	13.3803	50.236
    Prev. 76	13.3803	50.236
    Prev. 76	13.3803	50.236
    Prev. 76	13.3803	50.236
    Prev. 25	15.7233	51.1105
    Prev. 25	15.7233	51.1105
    Prev. 25	15.7233	51.1105
    Prev. 25	15.7233	51.1105
    Prev. 25	15.7233	51.1105
    Prev. 25	15.7233	51.1105
    Prev. 53	15.2299	50.0598
    Prev. 53	15.2299	50.0598
    Prev. 53	15.2299	50.0598
    Prev. 53	15.2299	50.0598
    Prev. 53	15.2299	50.0598
    Prev. 53	15.2299	50.0598
    Prev. 110	1.67122	50.2631
    Prev. 110	1.67122	50.2631
    Prev. 110	1.67122	50.2631
    Prev. 110	1.67122	50.2631
    Prev. 110	1.67122	50.2631
    Prev. 110	1.67122	50.2631
    Prev. 110	1.67122	50.2631
    Prev. 75	5.48246	50.1868
    Prev. 75	5.48246	50.1868
    Prev. 75	5.48246	50.1868
    Prev. 75	5.48246	50.1868
    Prev. 75	5.48246	50.1868
    Prev. 94	3.58232	50.0794
    Prev. 94	3.58232	50.0794
    Prev. 94	3.58232	50.0794
    Prev. 94	3.58232	50.0794
    Prev. 94	3.58232	50.0794
    Prev. 94	3.58232	50.0794
    Prev. 94	3.58232	50.0794
    Prev. 202	1.84105	50.0892
    Prev. 45	8.42697	50.6458
    Prev. 45	8.42697	50.6458
    Prev. 45	8.42697	50.6458
    Prev. 45	8.42697	50.6458
    Prev. 45	8.42697	50.6458
    Prev. 45	8.42697	50.6458
    Prev. 93	3.14508	50.1021
    Prev. 93	3.14508	50.1021
    Prev. 93	3.14508	50.1021
    Prev. 93	3.14508	50.1021
    Prev. 93	3.14508	50.1021
    Prev. 25	13.587	50.4249
    Prev. 25	13.587	50.4249
    Prev. 25	13.587	50.4249
    Prev. 25	13.587	50.4249
    Prev. 25	13.587	50.4249
    Prev. 25	13.587	50.4249
    Prev. 101	4.3572	50.2449
    Prev. 101	4.3572	50.2449
    Prev. 101	4.3572	50.2449
    Prev. 101	4.3572	50.2449
    Prev. 101	4.3572	50.2449
    Prev. 101	4.3572	50.2449
    Prev. 101	4.3572	50.2449
