39.7714
40.9081
41.7111
40.2094
42.6584
40.2047
12.2816
12.745
12.7521
11.8674
12.519
12.5583
28.8443
27.1065
29.0431
28.3111
28.2898
28.5917
14.6605
10.7927
13.509
11.1924
12.4696
15.051
12.9309
474.26
473.138
473.956
456.631
471.114
480.264
472.441
127.713
121.124
123.98
126.041
121.721
212.614
212.177
210.355
199.48
207.848
212.718
204.259
706.502
67.874
66.9041
68.722
63.3843
65.2921
69.6097
193.528
200.366
202.05
207.816
201.831
10.3811
10.7427
10.2415
11.0629
10.6831
10.4227
155.83
155.336
156.76
153.496
151.627
149.438
148.538
